00 08 00 09 00 14 00 03 00 00 02 00 00 00 15 01
00 00 05 00 00 01 00 00 00 00 00 00 00 09 00 04
00 01 00 00 12 00 13 00 00 00 10 09 03 11 16 00
00 00 16 11 00 00 04 00 08 15 00 00 00 05 02 13
00 00 00 00 16 02 00 09 10 00 15 11 00 00 05 00
11 03 00 00 00 00 00 00 00 00 00 14 13 10 09 08
01 04 00 05 07 10 00 00 13 00 00 00 16 00 00 00
00 00 00 12 00 00 00 01 00 00 00 02 14 00 06 00
04 00 00 00 10 00 02 00 00 11 01 13 09 15 00 06
08 06 00 02 01 03 07 13 14 00 09 00 00 04 00 00
00 16 12 00 14 08 09 15 00 00 06 10 11 00 00 02
09 00 15 13 00 00 00 12 02 08 00 00 00 00 00 16
16 00 14 00 00 09 00 00 00 00 00 07 12 08 00 11
00 05 13 00 00 12 01 00 00 00 14 08 15 16 10 00
00 09 00 00 03 00 00 02 15 00 11 00 00 00 13 05
00 11 01 00 08 00 00 16 03 12 00 06 02 14 00 00